0.545752273806 -0.0161468188937
1.41661583839 -0.0345362859076
1.2868355647 -0.0430892121528
1.15177832945 -0.0287600205523
0.530910819382 0.0017832492382
1.13842102047 0.0276244363536
0.579557808882 0.042041454211
-0.0780835271451 0.0339952179091
-0.134810864054 0.0254152682002
-0.984071867199 0.0101199877743
-0.240185190464 -0.00898560102637
-0.317195848419 -0.0165927060439
-0.204400794797 -0.0219973987739
-0.547898012186 -0.0178087619081
-0.782392992083 -0.00168250997493
-0.432464477778 0.0190107073151
-0.226003356236 0.0299416983616
0.461320888639 0.032772406179
-0.0469164728549 0.0118765129115
0.259147298375 -0.0147415987838
1.61878942865 -0.0382385004276
0.196483379697 -0.0555200054319
0.163832179964 -0.0588506473268
-0.43988520499 -0.0351375579738
-0.881336021576 -0.00095963232229
-1.29805108079 0.0339344151159
-1.91446615453 0.0576339927371
-1.70371750171 0.0501957843674
-0.697796701867 0.052310370398
-0.419766788993 0.0473312972205
-0.919923803078 0.0397106804711
-1.5195185618 0.0198484346883
-0.737538818713 -0.0166197295075
0.0276206093628 -0.0348740792032
0.387443426617 -0.0284357389885
-0.515411717502 -0.00950580270164
-3.51684851716 0.00160084085856
-4.90518412599 -0.00346605857584
-5.19277853171 -0.0269156691582
(39, 39)
0.545752273806 -0.0269156691582
[ 1.  0.]

-4.67200838648 -0.0349213702646
-4.69657923881 -0.0232945250291
-4.8934758675 0.000128062089627
-4.88193251406 0.0249828927818
-2.84090272068 0.0200713782634
-1.79853790497 0.0133425358145
-1.02018607296 0.00960654196491
-1.20834273405 0.00545844029461
-1.77264781225 0.00600566543353
-1.41167065966 -0.0160252133072
-0.409872486043 -0.0490343741558
-0.0942442219622 -0.0743486037301
-0.207204180633 -0.0746458618302
-0.814714381717 -0.0364617076926
-1.33350566636 0.0300227687526
-1.59999222579 0.0558774675998
-1.68425870591 0.0373123480722
-1.86466482968 0.00353301850954
-1.05827913932 -0.0216731172101
-1.39699411028 0.0102888844221
-1.9492611199 0.0462165793449
-2.67319428569 0.0592351329583
-1.99329076802 0.0489324374417
-1.43409774634 0.00937684252388
-1.9392019119 -0.0227202764265
-2.82441221576 -0.0363130786426
-3.06781206831 -0.0284087155249
-2.77048826469 -0.00720205242547
-1.09752654102 0.0192944536835
-0.881995641772 0.0251788128933
-1.91479596463 0.0126196581619
-1.70849974813 0.00147923527213
-1.34554373494 -0.0151672183363
-0.573128484706 -0.0196666250341
0.683777799948 -0.0126878155464
-0.375572235819 0.0087958380554
-1.83448720569 0.0444735659395
-1.40606388798 0.0956087150314
-1.98323156002 0.157816728354
(39, 39)
-4.67200838648 0.157816728354
[ 1.  0.]

-2.32854273295 0.21586988414
-1.39039790831 0.234401224338
-0.376066950967 0.154405016068
0.401625260845 -0.00216217645472
2.00318309823 -0.143994825422
3.71621674885 -0.208337692373
3.65965431699 -0.190698126476
3.96670751851 -0.143501647211
5.06398571558 -0.110505998094
5.61410895956 -0.0836446752257
5.2160281709 -0.0520069551574
4.22313486995 -0.0190923764315
4.42184545418 0.0101132319083
3.30098583507 0.0288134687542
2.25845611432 0.0326575564585
3.51569220907 0.0242465033974
4.20004816306 0.0102551050925
3.37107048097 -0.00227702617523
3.61364580827 -0.009323394322
4.40997229064 -0.0123094870553
5.01022666956 -0.013728218897
4.51930433823 -0.0125324306305
4.36363397183 -0.0112623278389
3.62172615568 -0.00987061946092
3.60078321444 -0.008242455776
3.32423744701 -0.00710071443678
3.47595009223 -0.00517529265171
4.04454270171 -0.00307421835291
4.39513083621 -0.0026891339959
4.65947363001 -0.00362819935774
4.50528740905 -0.00466860270827
4.02788729175 -0.00432405354673
4.2514985384 -0.0003718719879
4.69657726607 0.00513415873081
4.78150336638 0.00962680956264
4.41458963201 0.0100254056515
4.29173537039 0.00537061403775
4.42151564408 -0.00289180997327
4.3008051481 -0.00985710772909
(39, 39)
-2.32854273295 -0.00985710772909
[ 1.  0.]

3.93718951471 -0.0122892194576
3.59995868919 -0.0100057367792
3.29933678458 -0.0066818507502
3.59253796198 -0.00701288817992
3.95978150645 -0.0101813892929
4.44196387017 -0.0150861479454
4.36627245261 -0.0191396674929
4.19064857526 -0.0200990004525
3.93570536927 -0.0145321669406
2.97991570437 -0.00184465075683
2.00813024971 0.0169974592732
1.82063320882 0.0342586966797
1.52594788598 0.0408929570058
0.98934685603 0.0343803022661
2.70930651871 0.014849093913
4.30031043295 -0.00915449767419
4.37352827477 -0.0300301233439
3.59699039831 -0.0438256015373
3.67779387239 -0.0481223322577
3.67729915725 -0.0460009903611
3.91525714317 -0.0452646009767
2.88443568091 -0.0348267881418
2.19826577138 -0.0105732295158
1.34834514804 0.0234628229515
1.04145685156 0.0538709754238
2.46194894498 0.0517496335273
3.24607245371 0.0162002670955
2.09058277428 -0.0238485060339
1.21196867239 -0.0410286730495
1.44943194317 -0.0258955334054
2.00252347803 0.00907958442373
2.48157264583 0.0375690709769
1.52050601936 0.0506214039199
-0.419436978894 0.0632683849081
-0.41053210624 0.0726860619902
0.00453390248121 0.0582082413396
-0.375077520672 0.0254220240661
-0.824443779617 -0.0208691691665
0.478471013751 -0.0615597495577
(39, 39)
3.93718951471 -0.0615597495577
[ 1.  0.]

1.28271293848 -0.0803748361241
0.177849109142 -0.0841446093033
-0.68542882318 -0.0654781517869
-0.729458471304 -0.0243281725137
-0.754359133727 0.016781271564
-1.24462184486 0.0361841184648
-0.811581185783 0.042041454211
-0.682790342394 0.0495945123012
-0.382333342835 0.05354669386
-1.21988608749 0.0564246927387
-1.21906156224 0.0364408413695
-0.0357029295124 0.00623536487455
-0.351001383495 -0.0146740401247
-1.93227589984 -0.0273345328448
-0.881006211477 -0.00747904292788
-0.54707348694 0.0173420084348
-0.740507109598 0.03129962741
-1.17107419294 0.0184905056399
-0.664815692036 0.00497201794891
-1.1786598252 0.00994433526053
-1.59108735314 0.0177406045236
-1.0612474302 0.0126331698937
-0.902608772916 -0.023537736202
-0.680481671706 -0.0575264976079
-0.204070984699 -0.0662685880987
0.385629471077 -0.0455145680154
-0.713297776487 0.000182109016928
-2.03088911923 0.047520461466
-0.842748240073 0.0521414737502
-0.0653858383602 0.0168015391617
0.831697629039 -0.0386641199801
0.71445013909 -0.0813611925473
0.804488295929 -0.0625055707854
0.467752185556 -0.00849242281476
-0.0757748564569 0.0485135737552
-0.686418253475 0.0840764519187
-2.38461044967 0.0602552687111
-1.91331181918 0.0156733095544
-1.00452009329 -0.017896588165
(39, 39)
1.28271293848 -0.017896588165
[ 1.  0.]

-0.19615554234 -0.0196936484977
-0.284214838588 0.0130655453121
-0.18048956267 0.0392175022595
-0.308290975764 0.0377717469542
-0.254037214593 0.00454639839642
0.434111555528 -0.0340566194278
-0.0815465331773 -0.052263678062
-1.21675289156 -0.0489195244353
-1.21230045523 -0.0364144166312
-1.27644851935 -0.00828299097147
-1.31124348472 0.0239087101017
-0.462477196724 0.0510537793383
0.420259531399 0.065903172614
-0.0700031797365 0.0353531469576
0.106775032957 -0.0116271445982
0.236555306641 -0.0546484987292
-1.32361136341 -0.0886710394647
-2.05496525641 -0.0624717914559
-0.978300190478 0.00114144197651
-0.984896392444 0.0644506614428
-1.35840632878 0.087143615043
-1.42651211408 0.037555559245
-0.348857617856 -0.0410084054518
1.31585885336 -0.0996222981089
0.903101515323 -0.11251249027
0.279265714372 -0.0621407540262
0.115185190464 0.0509389296178
-0.414324922371 0.142068804912
-1.44118866345 0.161241952372
-2.71359602273 0.090616130122
-1.78138777986 -0.019517995984
-0.875234534757 -0.0809693523244
-1.51473631538 -0.0977036321897
-1.75450825685 -0.08223269925
-1.305471808 -0.0469197881252
-0.208523421026 -0.0125594540941
0.658712232476 -0.00153388092485
0.391236242748 0.0128561134688
0.27003103162 0.0230642268627
(39, 39)
-0.19615554234 0.0230642268627
[ 1.  0.]

0.115185190464 0.0376028503064
-1.59158206828 0.0546816793333
-2.99311008105 0.0301173508753
-1.64187810827 0.00682988107486
-1.003530663 -0.0119108909665
-0.118485264188 -0.0366576278041
0.22896967438 -0.0384006412095
0.0193753569051 -0.0293815602163
-0.0599439717381 -0.0126743038146
-0.333686353334 0.0172879615075
-1.8123899291 0.0291039709885
-2.06321050886 0.0296241726637
-0.36369907228 0.0225642927851
-0.350671573397 0.00384378834152
-0.285039363834 -0.00985710772909
0.22517685825 -0.0118906233688
-0.491335580326 -0.0158833401231
-1.3048121878 -0.015038856884
-0.977145855134 -0.0106070088454
-1.3742372135 -0.00133120494748
-1.42090534241 0.0203551246317
-1.93145137459 0.0364408413695
-2.33612836521 0.043196707282
-0.882985072067 0.0265705212713
-0.490840865178 -0.00327689433029
-0.414819637518 -0.0297666445733
-0.988359398477 -0.0320366155199
-1.52858833951 -0.00879643678082
-2.08596740565 0.0184567263103
-1.1686006172 0.0481757804595
-1.40639369808 0.0663085245688
-1.55101542619 0.0515537134158
-1.77248290721 0.0167272246367
-1.71789933594 -0.0316312635652
-1.00501480844 -0.0678562165882
-0.800697452539 -0.073659505407
-1.09224957944 -0.0617016227418
-0.322142999893 -0.0282127954134
-0.417293213255 0.0250369397091
(39, 39)
0.115185190464 0.0250369397091
[ 1.  0.]

-0.349022522906 0.0592486446902
-0.0615930222297 0.0588905837968
0.0023901368422 0.0340289972387
0.307299572728 -0.0102151686225
0.495950948961 -0.041609677518
0.292623023354 -0.0567698406257
0.042791873885 -0.0650930674299
0.131675695379 -0.0403193071287
-0.733086382386 -0.00494559321068
-1.13512489222 0.0195511765881
-1.04624107073 0.0357179637168
0.196648284746 0.0218616827302
1.31107660693 -0.00712773790043
1.4146369778 -0.0250983412278
1.41183359196 -0.0193153200066
0.786513645571 0.00705958051588
0.949769644233 0.0439803877279
0.954551890659 0.0360422452806
-0.0622526424263 0.00149950286987
0.241667363165 -0.0294964099368
-0.452253083676 -0.0448119579605
-1.08862166836 -0.0121203228098
-1.38380170635 0.0234560670856
-1.17602134441 0.0429129609137
0.397172824518 0.0230507151308
0.506834682205 -0.0123905574463
0.895350978013 -0.0385425143937
0.257663152933 -0.0391505423258
-1.68953566748 -0.0149577864931
-1.73950189737 -0.0044726825968
-0.629361106468 0.00441803694408
-0.0596141616398 -0.0123500222508
-1.0028710428 0.00911336375329
-1.60823747825 0.0533102385531
-1.82261404215 0.0961086491089
-2.00780241235 0.094554799949
-2.01258465877 0.0103564430812
-1.00237632765 -0.0702207696575
-1.15606783347 -0.111391016528
(39, 39)
-0.349022522906 -0.111391016528
[ 1.  0.]

-0.768870778052 -0.0883197344372
-0.947133136188 -0.0216663613442
-2.49658097804 0.0499120379991
-2.20981109756 0.0754356994166
-1.38742961743 0.0624779485964
-1.61038124389 0.0192944536835
-1.03832562837 -0.0106542999068
-0.0439481819701 -0.0102692155498
-0.575437155394 -0.00528338650631
-0.455880994758 -0.00723583175503
0.295756219288 -0.0203624792231
0.441862092838 -0.0402382367377
-0.665145502134 -0.0342187602097
-0.96032554012 -0.00180411556136
-0.505517414553 0.044743800576
-0.745289356023 0.0902986044242
-1.73752303678 0.0780839988543
-0.292130280947 0.042730552534
0.625236507498 -0.0119649378938
-0.326595436221 -0.0600802149228
-0.184941998997 -0.081077446179
0.212808979563 -0.0730379657431
-0.0223456205309 -0.0389546222144
-0.830380361387 0.000283447005615
-1.99543453366 0.0320360167945
-1.30283332721 0.036170606733
-0.416963403157 0.0190039514492
0.16465670521 -0.00860051666936
-0.660857970856 -0.0309624328398
-0.42999090204 -0.0431027238846
0.317523685776 -0.0312394233422
0.221713852217 -0.0201462915139
0.422403297038 -0.0104246004657
-0.68938654436 0.00421536096671
-0.958016869432 0.0142140425173
-0.93113734642 0.0456761100719
-0.648325187121 0.0644641731746
-0.641728985154 0.0634710608855
-1.70190354617 0.0365962262855
(39, 39)
-0.768870778052 0.0365962262855
[ 1.  0.]

-0.619796613617 -0.0110934311911
-0.0802272927841 -0.0511422043206
1.41793507878 -0.0722069942358
1.30167701913 -0.0637418942474
-0.156413425493 -0.0352388959625
-1.51440650528 0.0113157760408
-0.96032554012 0.0293134028318
0.170098571832 0.0367651229333
-0.0671997939009 0.0330831760109
-0.816858147356 0.0228142598239
-1.05630027873 0.0307456464052
-1.25863877404 0.0347991659527
-1.46015274411 0.0347924100868
-1.04838483637 0.0182000034056
0.0929230088279 -0.0132485524172
0.648817929527 -0.0488181864466
-0.69515822108 -0.0685790942408
-1.41661781113 -0.0553173294545
-1.16233422533 -0.0234026188837
-1.36665158124 0.0130385218485
-1.52792871931 0.0358463251692
-1.56371311498 0.0195917117836
-0.842418429975 0.00512064699899
-1.15606783347 -0.00462131164688
-1.31008914938 0.0117346397274
-1.6362713366 0.0462300910767
-0.708350625013 0.0571340586595
0.370128396456 0.0389405117571
0.257828057982 -0.0105934971136
-0.654591578988 -0.0529933115806
-0.579065066476 -0.0682953478725
0.853630000577 -0.0457172439928
0.627215368088 -0.0193558552021
0.719397290565 0.00383703247561
0.355946562229 0.011376578834
0.00107089644897 -0.00340525578263
0.514915029614 -0.017666888724
0.428339878808 -0.026084697651
-0.514422287207 -0.0182478931925
(39, 39)
-0.619796613617 -0.0182478931925
[ 1.  0.]

-0.96032554012 0.0293134028318
0.170098571832 0.0367651229333
-0.0671997939009 0.0330831760109
-0.816858147356 0.0228142598239
-1.05630027873 0.0307456464052
-1.25863877404 0.0347991659527
-1.46015274411 0.0347924100868
-1.04838483637 0.0182000034056
0.0929230088279 -0.0132485524172
0.648817929527 -0.0488181864466
-0.69515822108 -0.0685790942408
-1.41661781113 -0.0553173294545
-1.16233422533 -0.0234026188837
-1.36665158124 0.0130385218485
-1.52792871931 0.0358463251692
-1.56371311498 0.0195917117836
-0.842418429975 0.00512064699899
-1.15606783347 -0.00462131164688
-1.31008914938 0.0117346397274
-1.6362713366 0.0462300910767
-0.708350625013 0.0571340586595
0.370128396456 0.0389405117571
0.257828057982 -0.0105934971136
-0.654591578988 -0.0529933115806
-0.579065066476 -0.0682953478725
0.853630000577 -0.0457172439928
0.627215368088 -0.0193558552021
0.719397290565 0.00383703247561
0.355946562229 0.011376578834
0.00107089644897 -0.00340525578263
0.514915029614 -0.017666888724
0.428339878808 -0.026084697651
-0.514422287207 -0.0182478931925
-0.787340143558 0.00597188610396
-0.13761424989 0.0289148067429
0.279925334569 0.027360957583
-0.838295803746 0.01523417827
-0.992152214607 -0.00104745857915
-0.784371852673 -0.00853971387615
(39, 39)
-0.96032554012 -0.00853971387615
[ 1.  0.]

0.644371908699 -0.00586550280979
0.224367331013 -0.0227516571187
1.36152258216 -0.0299544384101
1.87831392903 -0.0284050987273
1.39259434939 -0.0140901889983
0.141866431824 0.0059193681818
1.05544781764 0.00579575065392
1.38973717539 0.00248280090663
0.846874115798 -0.00274209993859
-0.323138636329 0.000274167741774
-0.301709831345 0.0191464436654
-0.0874217815048 0.0382165076336
-0.154922517204 0.0387274600822
0.0168650694173 0.0215199002007
-0.651713646084 -0.0021322534677
-1.46850826272 -0.028965498187
-1.72636821603 -0.0495107313213
-5.19997750394 -0.0726436913726
-6.82499521523 -0.0799618490233
-4.93176029489 -0.0532522218319
-1.5702950864 0.00640559712481
-1.31314942659 0.0670688386417
-0.861001641428 0.0938691186869
-1.41350766327 0.0770241702206
-0.676356771815 0.0251954613631
0.910089090501 -0.00997784590406
1.07973379662 -0.0163400280058
0.81794522907 -0.00364038730788
0.00186490592854 0.0167482636244
-1.21457692366 0.0241241094548
-3.34210011183 0.012273309115
-3.33531432358 0.00464198706034
-0.389925078529 -0.00164602452469
1.55973902827 0.00213667182856
1.96831490996 0.0214374885155
1.74759821863 0.0284424817622
1.05866213839 0.0273134416742
2.50082071381 0.0174982099603
2.60439327124 -0.00648359044921
(39, 39)
0.644371908699 -0.00648359044921
[ 0.  1.]

1.17759200605 -0.0379071660373
2.04010140666 -0.065844727339
4.23798250452 -0.0854339849243
3.68690506968 -0.0823435467272
2.86082463755 -0.0511012768467
1.75009824587 -0.00762911287426
1.0436619749 0.0287226814921
1.48223818357 0.0401779057427
1.7115263969 0.0131221494732
2.52046378505 -0.0266579709998
1.88188539653 -0.0502441953201
0.566513917257 -0.0445001008577
-0.243852057888 0.00574630364276
-1.34743551456 0.0695906362105
-3.93710659688 0.109906432638
-5.42033704853 0.101937222673
-5.76141219452 0.0489465090539
-5.86427045844 -0.0151615409066
-6.31177533586 -0.0571173298704
-7.44928773376 -0.0676742667517
-8.25393936091 -0.0498238957253
-9.11680590827 -0.0099283988929
-10.759680957 0.0260278193842
-12.0004087656 0.0455429064528
-11.1725425997 0.0303544328602
-10.4268201863 -0.00406892807121
-10.2789614319 -0.0389620356085
-10.8178958772 -0.0517111233176
-10.3546765428 -0.040222934393
-10.4496775783 -0.00856860608618
-11.5082605445 0.0272557534945
-11.3014725764 0.0442243194887
-10.5736075004 0.0397493649793
-11.7475488668 0.0111195455214
-12.4011274188 -0.0151697820752
-10.7103947056 -0.023180197882
-10.1357455853 -0.0132413486402
-10.4046770878 -0.00209928879359
-10.8732536235 0.00727091982
(39, 39)
1.17759200605 0.00727091982
[ 0.  1.]

-11.825764005 0.00268883011977
-12.1546961615 -0.00782690091888
-10.6571798399 -0.0137852657629
-9.36680863308 -0.0119474851817
-8.65715804136 0.0166658519392
-8.43215558903 0.0577068711966
-8.05250859406 0.0874245248999
-8.7371589133 0.082957811559
-9.85574253347 0.0370462617029
-9.66895478336 -0.0188700667432
-10.4639634483 -0.0595484745855
-11.9143363989 -0.0656222157888
-13.2318507587 -0.0481179738405
-14.6486519149 -0.0307126259144
-14.518650498 -0.0264024947755
-12.9432761849 -0.00929382891643
-13.1004207548 0.0601215335746
-13.2464937754 0.148120731091
-11.8725502292 0.204119471222
-9.83395658173 0.156914057908
-4.60604245913 0.0254097317448
0.21436722202 -0.0820138999862
1.81152748683 -0.129021525256
1.65081144945 -0.111064019039
2.12188801235 -0.0714816866105
2.79903824984 -0.0475905390548
3.77333458311 -0.0323278949454
4.7915599666 -0.0256443072712
5.3301372652 -0.0273337468189
5.72692730416 -0.0330366354386
5.86978600405 -0.0329295002478
5.51763930881 -0.0282649988623
6.32943387096 -0.0204523711001
6.70372366468 -0.0150708880529
5.54549675529 -0.0176586149699
4.8612035828 -0.0325998535068
3.55297503853 -0.0563179365234
3.26154329075 -0.0823929937384
2.08045898938 -0.0951420814475
(39, 39)
-11.825764005 -0.0951420814475
[ 0.  1.]

-0.587070084382 -0.0755363415251
-2.32280328809 -0.0172547977121
-4.74890115903 0.0702087238499
-5.57212441716 0.138429116905
-4.74318681103 0.156691546357
-5.62141066863 0.121328692214
-6.58463545266 0.0577315947022
-6.85963844995 0.00783131927974
-6.16820234247 -0.0277622875823
-6.61749295363 -0.0509199711392
-7.2599999564 -0.0614686668519
-7.44071621177 -0.0505903243981
-8.07393739905 -0.0249438079465
-7.90179266567 0.00215315416561
-7.99286508686 0.0172674572415
-8.23251055593 0.00668579685468
-7.9328644329 -0.0128869783936
-7.95393609114 -0.0275150525265
-8.70858717332 -0.0368358141289
-9.49823863698 -0.01430445938
-10.3693195596 0.0920725439483
-10.5700360329 0.232477332119
-9.51252450697 0.335755656081
-7.58393205841 0.297129299202
-5.43176574452 0.0924021906893
-2.11351529274 -0.104833695634
1.22152105627 -0.204321082074
2.81510985358 -0.192396111218
3.42011644763 -0.131230158421
4.48977096308 -0.0992791480473
5.42299542013 -0.0820056588177
5.54549675529 -0.0612956023129
5.48013890009 -0.0341821578637
5.54906822279 -0.00624459656196
5.56871129402 0.0166740931077
5.3969237074 0.0268272127312
5.50049626483 0.0262832956085
6.18871805156 0.0195667432602
6.29764781023 0.0147868655153
(39, 39)
-0.587070084382 0.0147868655153
[ 0.  1.]

6.02300195969 0.0117953213405
6.09478845638 0.00385083488188
5.75192757664 -0.00817302999695
6.22478987329 -0.0202216183814
6.95622641674 -0.0241608969366
6.78979603136 -0.0197683541125
7.63694812173 -0.0128128078769
8.32802708247 -0.0120216556984
8.53302931681 -0.0192079546527
8.65838782597 -0.0344788399306
8.75660318215 -0.0465603929891
8.3519559147 -0.0410140865714
7.608019235 -0.0104887983526
8.10659609763 0.0366589267822
8.4883859731 0.0746507136852
7.37551670093 0.0829001233793
6.69586643618 0.0614566028757
6.5372932793 0.0270002772703
6.4080061559 -0.00558530307992
6.00335888845 -0.0257844071361
6.02443054668 -0.0313224723853
6.25300446651 -0.0218945755921
6.59800822676 -0.00149768349123
6.76801007963 0.0130397377879
6.10300283163 0.0147703831783
5.35763756493 0.00594409168738
4.73727366065 -0.0105712100379
4.18119617131 -0.0266662121684
3.89583591827 -0.0390444472938
3.14832777108 -0.0413354921439
2.22867489052 -0.0285369574237
2.23296065151 -0.00651655512331
1.83474202556 0.00925704143466
1.41938035562 0.0210913594374
1.81581324783 0.0292006692666
3.92655053875 0.0257064138117
4.14762437684 0.0131963199899
2.87939626853 -0.00872518828817
2.82582425607 -0.0305313202069
(39, 39)
6.02300195969 -0.0305313202069
[ 0.  1.]

4.3311978062 -0.0453407000473
6.52050738206 -0.053112121967
7.08765642064 -0.0479119446273
4.89584681753 -0.0225126632315
3.40618772439 0.0153884708177
2.94689700423 0.0481306333699
2.42546274962 0.055110903111
4.3269120452 0.0374253554551
6.5437219208 0.00598529753001
7.02086997844 -0.0188947902487
7.0794420454 -0.0179223323627
7.24051522953 0.00635615011366
5.97550144197 0.0450401951728
5.30620843297 0.0761176416827
5.42335256688 0.0801805377659
5.5376395268 0.0492267087838
5.90621497252 0.00358711748906
7.01836995119 -0.0339019581338
7.2108720493 -0.0478624976162
7.51087531908 -0.0382285716098
7.48980366084 -0.0152933996031
6.70408081143 0.0115563274533
6.02407339994 0.0347634580214
6.10121709788 0.0437792963883
5.79335659961 0.0333707005405
5.28799394873 0.0145561127966
5.1369208736 -0.0103981454989
5.91978654901 -0.0297978562081
5.41942395264 -0.0441786952852
5.01191951119 -0.0508787652965
4.51048547456 -0.0499310309161
3.77797749086 -0.0452747706991
3.36083008717 -0.0393740940348
3.13261331409 -0.0302923263196
2.53689253554 -0.0133155191569
1.75295541987 0.00845764808768
1.38437997415 0.0371863615679
1.19830651754 0.0559185376265
0.649371963195 0.0584238528583
(39, 39)
4.3311978062 0.0584238528583
[ 0.  1.]

1.15366317382 0.0401449410686
1.67545457518 0.00578750948539
1.28116456347 -0.0288006748165
0.525442041038 -0.0533593570227
0.32222554044 -0.063586647163
0.64258617495 -0.063586647163
0.20079564553 -0.0569772300055
-0.132065125222 -0.0469065220672
-0.690642641805 -0.0331025647869
-1.70922517204 -0.0137275775832
-2.19958765943 0.00465846939739
-1.55850924366 0.0144654599428
-1.74851131452 0.0255498316097
-1.91994175439 0.0365188269173
-0.920645148633 0.0542785450899
0.259724859236 0.0633026246255
0.851159876795 0.0469603874392
-0.319567168832 0.0211572887856
-0.561712665151 -0.0133814485051
-1.05100371229 -0.0246636082167
-0.919930855134 -0.0177245443181
0.077580016872 -0.00582429696716
0.46937000133 0.00568037429456
0.516156225545 0.00167516639112
0.910089090501 0.0135671725735
1.15187744007 0.0386697719025
0.713658378147 0.0571876775795
-0.497783396949 0.0437628140513
0.0957945011085 0.00378490553367
0.901160421758 -0.0391927883273
0.671157914929 -0.0687950656712
1.7840271871 -0.0564497952198
1.03580474641 -0.0177739913293
0.341868611675 0.0466307406982
1.01651882192 0.083773687243
0.694372453662 0.0516496123303
0.166152410806 -0.0101756339487
1.37937991965 -0.0635784059945
2.09081624512 -0.0500876131181
(39, 39)
1.15366317382 -0.0500876131181
[ 0.  1.]

1.55223894652 -0.00487656258672
-0.628141960601 0.0502238901754
-1.21386263016 0.0735876029454
0.438655380853 0.0476031985842
1.38759429489 -0.00753846002048
0.741158677877 -0.0758824706032
0.0125793084205 -0.113841292832
0.0100792811724 -0.100622458517
0.400083531881 -0.0370171198365
0.660086365687 0.0280633880101
0.599014271483 0.0885782884934
1.00687585968 0.090844609838
1.40080872463 0.0584156116898
2.11331649035 0.0293902161427
2.62725066322 0.00799614265025
1.89938558726 0.0202177955737
1.74724107188 0.0212479416394
2.23403209176 0.000686226168054
2.4590345441 -0.0350639628959
2.70903726891 -0.0701301349723
1.67938318943 -0.0780334155884
1.36437975616 -0.0532274983263
0.99116140269 -0.00860981192881
-0.531355191424 0.0292253927722
0.0215079771639 0.0433177909509
0.356868775164 0.0210831182689
1.16509186981 -0.0113458798793
1.31830782545 -0.0188123785635
1.23330689901 -0.00247838254577
0.681515170671 0.0301566448156
0.452941250842 0.0397493649793
0.770087564605 0.0138803369775
0.789730635841 -0.0237488385103
0.401154972131 -0.0412942863013
-0.205994502416 -0.0142714947059
-0.341353120565 0.0274865062133
-0.212065997162 0.058498023375
0.129723442333 0.0396010239459
0.556156661515 -0.00896418217541
(39, 39)
1.55223894652 -0.00896418217541
[ 0.  1.]

1.2497356495 -0.0410470512455
1.243307008 -0.0394647468886
0.464369946833 -0.00518972699069
-0.338138799818 0.0401119763945
0.105080316602 0.0643080471856
0.853659904043 0.0531742285075
1.73974099013 0.014828071358
1.69402620617 -0.0431650315566
1.10401977561 -0.0802585310903
-0.0527785467807 -0.0902303450062
0.494727420561 -0.0839917804323
1.13473439608 -0.0602572150787
0.304725349703 -0.0216967875474
0.26758208773 0.0109959279936
1.06330504614 0.0578304887245
-0.342424560815 0.0879849243596
-0.726357316778 0.0988467844763
-1.34422119382 0.113730334834
-2.04851458429 0.0853642327685
-0.853501559683 0.0576986300281
0.0357938471532 0.0192288553506
-0.0124209640608 -0.0286193691089
1.27795024273 -0.0391186178105
3.17154230981 -0.0401157992021
3.28618641648 -0.0272513351337
2.31081864296 -0.0279847991325
-0.479926059462 -0.051356753071
-2.16387298446 -0.0667018088657
-2.72459338154 -0.0698828999165
-2.59816343213 -0.0539362388195
-2.07030053603 -0.0236911503306
-1.73529688478 0.0115810509589
-1.35243556906 0.0250553614982
-0.407425269266 0.0182234327905
-0.404568095268 -0.0114365327331
-0.508497799441 -0.0240784852513
-0.0238496600523 -0.000269749380914
0.052222597641 0.0162702758499
-0.333853038821 0.0373182202643
(39, 39)
1.2497356495 0.0373182202643
[ 0.  1.]

-0.682785413311 0.0271980653149
-0.824929819705 0.0047903280938
-1.27029181662 -0.00577484995601
-1.24743442464 -0.0205430239539
-0.0874217815048 -0.018004744048
-0.121707869479 -0.00204984178244
-0.749571855511 0.00226853052497
-1.46957970297 0.00598529753001
-1.20957686917 0.0213880415043
-0.693499815803 0.0293242867945
-0.716000061036 0.0409278520785
-0.669213836821 0.0375654553201
-0.646713591588 0.00640559712481
0.00222205267827 -0.0210210117283
0.677943703174 -0.0426705614451
0.754730254367 -0.0542246797179
1.27045016098 -0.0448627122729
1.80581313883 0.00779835460563
0.407940760376 0.0626186076378
-0.405639535517 0.100717529732
-0.304209858593 0.0959046873127
-1.06421814203 0.0160972113109
-0.721000115532 -0.053754933112
0.0679370546292 -0.0979688022517
-0.177422762438 -0.102435515593
-1.12886170373 -0.0628119773216
0.0397224614003 -0.0123100965968
1.21223524078 0.0151412357619
0.87151724153 0.023530745321
0.506156116552 0.0108723104657
-0.457425814229 -0.0135133072015
0.261867739735 0.00571333896866
0.973661211953 0.0341948173931
0.296510974459 0.0581106884543
0.28151081097 0.0591490756886
0.0786514571212 0.0158499762551
0.152937981066 -0.039266958844
0.741872971376 -0.0716629923181
0.213295781771 -0.0721821859352
(39, 39)
-0.682785413311 -0.0721821859352
[ 0.  1.]

-0.288495401605 -0.00865925893996
-0.0199210458052 0.0754089011895
-0.102779091743 0.10480514932
-0.20170874142 0.0820595241897
0.451512663843 0.012899637923
0.5093704373 -0.0281908283456
0.36115453616 -0.0291138392205
1.16794904381 -0.0250674254744
1.20044939803 -0.0325668888327
1.50866704305 -0.047969632807
1.39545152339 -0.0646662402398
0.377583286648 -0.0488596790078
0.546870846022 0.00144441367241
0.526513481287 0.0684286314484
0.869017214282 0.101722952292
1.03830477366 0.0678599908201
1.34045092393 0.00207898364888
1.57045343076 -0.0636113706686
0.99187569619 -0.0836868571969
1.67759745568 -0.0741600663813
1.1743776853 -0.0494200784675
-0.122422162979 -0.0112222623514
0.193652710535 0.019657396114
-0.00206370831853 0.0308901088143
0.852945610544 0.0504134370514
0.592942776738 0.067827026146
1.15116314657 0.075540759886
0.547227992772 0.0671512503269
-0.608856036116 0.0126853675413
0.466512827332 -0.042340914704
1.70045484766 -0.0738963489885
1.3811656534 -0.076475834737
1.08080523687 -0.0459258230127
0.634728946456 0.00783956044826
0.356511628414 0.0517814710267
0.440798261351 0.0503887135459
0.242938961999 0.0168883634894
0.821873843317 -0.0344788399306
1.53545304928 -0.0492964609396
(39, 39)
-0.288495401605 -0.0492964609396
[ 0.  1.]

0.99187569619 -0.0836868571969
1.67759745568 -0.0741600663813
1.1743776853 -0.0494200784675
-0.122422162979 -0.0112222623514
0.193652710535 0.019657396114
-0.00206370831853 0.0308901088143
0.852945610544 0.0504134370514
0.592942776738 0.067827026146
1.15116314657 0.075540759886
0.547227992772 0.0671512503269
-0.608856036116 0.0126853675413
0.466512827332 -0.042340914704
1.70045484766 -0.0738963489885
1.3811656534 -0.076475834737
1.08080523687 -0.0459258230127
0.634728946456 0.00783956044826
0.356511628414 0.0517814710267
0.440798261351 0.0503887135459
0.242938961999 0.0168883634894
0.821873843317 -0.0344788399306
1.53545304928 -0.0492964609396
1.36687978341 -0.0262871184162
0.152937981066 0.012586473519
0.024008004412 0.0401531822371
0.779730526848 0.0408289580562
1.82867053082 0.00994105842229
1.37152269116 -0.0327564357088
2.3183187247 -0.0503595716794
2.50403503456 -0.0386653535416
0.970446891206 0.0150835475823
0.661157805937 0.0524160410032
1.87367102128 0.0592232462053
1.77938427935 0.0243054151624
0.873302975278 -0.0348826571884
0.0761514298731 -0.0650041281494
0.272224995477 -0.0656634216314
-0.134922299219 -0.0397696701241
-0.357067577554 -0.0133732073366
-0.50992638644 -0.000574672616361
(39, 39)
0.99187569619 -0.000574672616361
[ 0.  1.]

